Sref = 228.467000 
Cref = 2.081012 
Bref = 52.640700 
X_cg = 5.899531 
Y_cg = 0.000000 
Z_cg = -1.899065 
Mach = 0.200000 
AoA = 0.000000, 0.482759, 0.965517, 1.448276, 1.931034, 2.413793, 2.896552, 3.379310, 3.862069, 4.344828, 4.827586, 5.310345, 5.793103, 6.275862, 6.758621, 7.241379, 7.724138, 8.206897, 8.689655, 9.172414, 9.655172, 10.137931, 10.620690, 11.103448, 11.586207, 12.068966, 12.551724, 13.034483, 13.517241, 14.000000 
Beta = 0.000000 
Vinf = 230.000000 
Rho = 0.363900 
ReCref = 8400000.000000 
ClMax = -1.000000 
MaxTurningAngle = -1.000000 
Symmetry = Y 
FarDist = -1.000000 
NumWakeNodes = 64 
WakeIters = 3 
NumberOfControlGroups = 0 
Preconditioner = Matrix 
Karman-Tsien Correction = Y 
