Sref = 142.520610 
Cref = 2.634911 
Bref = 49.222458 
X_cg = 9.637221 
Y_cg = -0.000009 
Z_cg = 0.085866 
Mach = 0.200000 
AoA = -5.000000, -3.684211, -2.368421, -1.052632, 0.263158, 1.578947, 2.894737, 4.210526, 5.526316, 6.842105, 8.157895, 9.473684, 10.789474, 12.105263, 13.421053, 14.736842, 16.052632, 17.368421, 18.684211, 20.000000 
Beta = 0.000000 
Vinf = 100.000000 
Rho = 1.225000 
ReCref = 6000000.000000 
ClMax = -1.000000 
MaxTurningAngle = -1.000000 
Symmetry = NO 
FarDist = -1.000000 
NumWakeNodes = 64 
WakeIters = 0 
NumberOfControlGroups = 0 
Preconditioner = Matrix 
Karman-Tsien Correction = Y 
