Sref = 139.109198 
Cref = 2.593269 
Bref = 48.629789 
X_cg = 9.519194 
Y_cg = 0.000000 
Z_cg = 0.084830 
Mach = 0.200000 
AoA = -5.000000, -4.000000, -3.000000, -2.000000, -1.000000, 0.000000, 1.000000, 2.000000, 3.000000, 4.000000, 5.000000, 6.000000, 7.000000, 8.000000, 9.000000, 10.000000, 11.000000, 12.000000, 13.000000, 14.000000 
Beta = 0.000000 
Vinf = 100.000000 
Rho = 1.225000 
ReCref = 6000000.000000 
ClMax = -1.000000 
MaxTurningAngle = -1.000000 
Symmetry = NO 
FarDist = -1.000000 
NumWakeNodes = 64 
WakeIters = 5 
NumberOfControlGroups = 0 
Preconditioner = Matrix 
Karman-Tsien Correction = Y 
